#CAEN board channel #layer in 8-stack #board channel  #row  #column
7   7   1   1   0
6   7   2   1   1
5   7   3   1   2
4   7   4   1   3
3   7   5   0   3
2   7   6   0   2
1   7   7   0   1
0   7   8   0   0
16   6   1   1   0
14   6   2   1   1
15  6   3   1   2
12  6   4   1   3
13  6   5   0   3
10  6   6   0   2
11  6   7   0   1
9  6   8   0   0
25  5   1   1   0
26  5   2   1   1
23  5   3   1   2
24  5   4   1   3
21  5   5   0   3
22  5   6   0   2
19  5   7   0   1
20  5   8   0   0
34  4   1   1   0
33  4   2   1   1
32  4   3   1   2
31  4   4   1   3
30  4   5   0   3
29  4   6   0   2
28  4   7   0   1
27  4   8   0   0
37  3   1   1   0
36  3   2   1   1
39  3   3   1   2
38  3   4   1   3
41  3   5   0   3
40  3   6   0   2
43  3   7   0   1
42  3   8   0   0
45  2   1   1   0
46  2   2   1   1
47  2   3   1   2
48  2   4   1   3
49  2   5   0   3
50  2   6   0   2
51  2   7   0   1
52  2   8   0   0
55  1   1   1   0
56  1   2   1   1
57  1   3   1   2
58  1   4   1   3
59  1   5   0   3
60  1   6   0   2
61  1   7   0   1
62  1   8   0   0
64  0   1   1   0
63  0   2   1   1
66  0   3   1   2
65  0   4   1   3
68  0   5   0   3
67  0   6   0   2
70  0   7   0   1
69  0   8   0   0
